,ME,R,measured_displacement,t,axis,dimension,filename,from,position,rsa_axis,to,true_displacement,displacement_error
0,0.058128354430758665,"[[0.9999995464527996, -0.0001249960490838275, -0.0009441769877917317], [0.00012546338865377846, 0.9999998696529485, 0.0004949272911500971], [0.0009441150007650703, -0.0004950455263216845, 0.9999994317882349]]",9.83500492609425,"[0.00983500492609425, 0.011727071910198929, 0.013904070550564388]",x,0,delta x at isocenter.yaml,dx0,isocenter,Ant-Post,dx50,50.0,-40.16499507390575
1,0.044530309759523344,"[[0.999999612941099, -0.000222308895186942, -0.000851291024664627], [0.00022250032856783777, 0.999999949982408, 0.00022478608799069113], [0.0008512410101384456, -0.00022497541351812925, 0.999999612387328]]",94.60155332222949,"[0.0946015533222295, 0.007173625325337288, -0.001944132034066933]",x,0,delta x at isocenter.yaml,dx0,isocenter,Ant-Post,dx100,100.0,-5.398446677770508
2,0.047850654951465614,"[[0.9999995014414285, -0.00015425700626206024, -0.0009865706618672082], [0.00015447111630688913, 0.9999999645352455, 0.00021695202487264555], [0.0009865371605087604, -0.00021710431338068954, 0.9999994898049439]]",137.69524615669988,"[0.13769524615669987, 0.004977605606256928, -0.007153373476354223]",x,0,delta x at isocenter.yaml,dx0,isocenter,Ant-Post,dx150,150.0,-12.30475384330012
3,0.05042769943133723,"[[0.9999997151547875, 0.0001396169346825722, -0.0007417529608851012], [-0.0001394049527833334, 0.9999999494340036, 0.00028582905580591347], [0.0007417928299543078, -0.00028572557035201786, 0.9999996840520972]]",161.26491564485792,"[0.16126491564485793, 0.01579111053859959, 0.004466972694091612]",x,0,delta x at isocenter.yaml,dx0,isocenter,Ant-Post,dx200,200.0,-38.73508435514208
4,0.04200013204176637,"[[0.9999997622285722, 0.00020598652948252227, -0.0006581127180519909], [-0.0002059495014532651, 0.9999999772057967, 5.633123597531704e-05], [0.0006581243065259978, -5.6195684595168084e-05, 0.9999997818571974]]",226.63833769504447,"[0.22663833769504446, 0.0123873918793862, -0.01078273113967449]",x,0,delta x at isocenter.yaml,dx0,isocenter,Ant-Post,dx250,250.0,-23.36166230495553
5,0.04366897420577621,"[[0.9999996143375219, 0.00048677515168835865, -0.0007310094103622719], [-0.0004866724617761124, 0.9999998716839943, 0.000140648179215391], [0.0007310777806014957, -0.00014029236282282474, 0.9999997229216271]]",264.48134130654717,"[0.26448134130654716, 0.0068432596272996575, 0.0007716395233217116]",x,0,delta x at isocenter.yaml,dx0,isocenter,Ant-Post,dx300,300.0,-35.518658693452835
6,0.041210703467291714,"[[0.9999996054618785, 0.0008857972076495455, -6.66287815692256e-05], [-0.0008858072088052145, 0.9999995963892092, -0.0001502231910579544], [6.649568739371873e-05, 0.00015028215204366315, 0.9999999864967991]]",314.79983662716245,"[0.31479983662716243, 0.008920509946105224, 0.0003236350438373032]",x,0,delta x at isocenter.yaml,dx0,isocenter,Ant-Post,dx350,350.0,-35.20016337283755
7,0.044140359163815465,"[[0.9999996779495459, 0.0006084949820925787, -0.0005232921377564699], [-0.0006084741727387824, 0.9999998140825901, 3.992451146559197e-05], [0.0005233163343325009, -3.960608885731761e-05, 0.9999998622856767]]",373.02079609222517,"[0.37302079609222516, 0.007116618109801975, 0.007549382841221227]",x,0,delta x at isocenter.yaml,dx0,isocenter,Ant-Post,dx400,400.0,-26.97920390777483
8,0.050215125166039355,"[[0.9999996245252898, 0.0008586619124471871, 0.00011682893224948955], [-0.0008586445094823788, 0.9999996202746894, -0.00014892979397745362], [-0.00011695676822857235, 0.0001488294235367988, 0.9999999820854583]]",436.25825055668855,"[0.43625825055668854, 0.003733578602941227, -0.002435655869510761]",x,0,delta x at isocenter.yaml,dx0,isocenter,Ant-Post,dx450,450.0,-13.741749443311448
9,0.07041893007522768,"[[0.9999976678228154, 0.002112790705035198, -0.0004477324731798381], [-0.00211297933037068, 0.9999976789362406, -0.00042123684670860114], [0.0004468414486697612, 0.0004221819137708263, 0.9999998110475578]]",518.1930558206567,"[0.5181930558206567, -0.001198741838629358, -0.003025953734923597]",x,0,delta x at isocenter.yaml,dx0,isocenter,Ant-Post,dx500,500.0,18.193055820656696
10,0.01957362636231596,"[[0.9999999909895528, -9.678207936207928e-05, 9.302753939813921e-05], [9.680722266007108e-05, 0.9999999587800222, -0.00027031151601863556], [-9.300137425274145e-05, 0.0002703205193206664, 0.9999999591387797]]",84.71508117643162,"[0.08471508117643163, -0.004540636036382345, -0.01584163861327324]",x,0,delta x at isocenter.yaml,dx50,isocenter,Ant-Post,dx100,50.0,34.715081176431624
11,0.02289584781210104,"[[0.9999999987009358, -2.866419643285161e-05, -4.214844891626775e-05], [2.8652464394235194e-05, 0.9999999608572013, -0.0002783246888013349], [4.215642522003796e-05, 0.0002783234807834092, 0.9999999603794371]]",127.80019720253122,"[0.12780019720253122, -0.00673521577269095, -0.02105152561133699]",x,0,delta x at isocenter.yaml,dx50,isocenter,Ant-Post,dx150,100.0,27.800197202531223
12,0.02493589171041047,"[[0.9999999444744883, 0.0002646153645936502, 0.00020255796767629808], [-0.00026457296488160265, 0.9999999430932335, -0.00020931955631655128], [-0.0002026133453198182, 0.00020926595333227348, 0.9999999575777959]]",151.42965562142916,"[0.15142965562142915, 0.0040620879851118764, -0.009435588986785806]",x,0,delta x at isocenter.yaml,dx50,isocenter,Ant-Post,dx200,150.0,1.4296556214291627
13,0.031395485851637914,"[[0.99999990388867, 0.00033192261931224554, 0.00028644375814338227], [-0.0003317968154430369, 0.9999998485387094, -0.0004391280356259078], [-0.00028658947128579074, 0.00043903295229395296, 0.9999998625582612]]",216.75065589933698,"[0.21675065589933698, 0.0006705926220190166, -0.02467893133250852]",x,0,delta x at isocenter.yaml,dx50,isocenter,Ant-Post,dx250,200.0,16.750655899336977
14,0.03589098804764749,"[[0.9999997898143432, 0.0006121082891522433, 0.00021376321463746078], [-0.0006120323678613191, 0.9999997496777789, -0.00035505036263819555], [-0.00021398049039789743, 0.0003549194580053471, 0.9999999141222601]]",254.60897650691194,"[0.25460897650691194, -0.004876312104027899, -0.013127192448940096]",x,0,delta x at isocenter.yaml,dx50,isocenter,Ant-Post,dx300,250.0,4.608976506911944
15,0.051044975259680866,"[[0.9999991021383737, 0.0010117974749310214, 0.0008786286569618326], [-0.0010112298764884155, 0.9999992799137296, -0.0006462090684064802], [-0.0008792818569773276, 0.0006453199926516432, 0.9999994052125848]]",304.9194352984327,"[0.3049194352984327, -0.002798453804580003, -0.013573087563332004]",x,0,delta x at isocenter.yaml,dx50,isocenter,Ant-Post,dx350,300.0,4.919435298432688
16,0.048221409515830836,"[[0.9999996421472259, 0.0007331869412725448, 0.00042206910587646885], [-0.0007329945169331335, 0.9999996274454852, -0.0004558814854674152], [-0.00042240319498470705, 0.000455571947989001, 0.9999998070148522]]",363.1848504029342,"[0.36318485040293425, -0.0046103611941136725, -0.006353451930489683]",x,0,delta x at isocenter.yaml,dx50,isocenter,Ant-Post,dx400,350.0,13.184850402934217
17,0.06927400382178603,"[[0.9999989500822114, 0.000984716810996576, 0.001063093258990188], [-0.0009840313945465066, 0.9999993077841878, -0.0006450684922736387], [-0.0010637277328891558, 0.0006440216978623731, 0.9999992268593827]]",426.36950475536344,"[0.42636950475536345, -0.00798135840095223, -0.016333903596288578]",x,0,delta x at isocenter.yaml,dx50,isocenter,Ant-Post,dx450,400.0,26.369504755363437
18,0.090916119919303,"[[0.9999973732159418, 0.0022375360348754233, 0.0004969846170338151], [-0.0022370785077277223, 0.9999970752141317, -0.0009192621673302149], [-0.0004990400456854617, 0.0009181479590209413, 0.9999994539815297]]",508.30766042214395,"[0.5083076604221439, -0.012913876934631623, -0.01692358550324156]",x,0,delta x at isocenter.yaml,dx50,isocenter,Ant-Post,dx500,450.0,58.307660422143954
19,0.014327973282742656,"[[0.9999999885456665, 6.820145838261543e-05, -0.00013511931039313796], [-6.820251765252807e-05, 0.9999999976435155, -7.834920854884282e-06], [0.00013511877572189497, 7.844136242524566e-06, 0.9999999908406929]]",43.06844032263208,"[0.04306844032263208, -0.002199098869864104, -0.005213451647782514]",x,0,delta x at isocenter.yaml,dx100,isocenter,Ant-Post,dx150,50.0,-6.931559677367922
20,0.015892130751353335,"[[0.9999999286603681, 0.00036147212937750426, 0.00010962280424406103], [-0.0003614788277174531, 0.9999999328005403, 6.108987297636048e-05], [-0.00010960071459060695, -6.112949494054604e-05, 0.9999999921254343]]",66.6816920617756,"[0.06668169206177561, 0.008574237472561412, 0.006389539684584683]",x,0,delta x at isocenter.yaml,dx100,isocenter,Ant-Post,dx200,100.0,-33.31830793822439
21,0.017550744562698863,"[[0.9999998893964879, 0.00042868015943309663, 0.00019349504794732533], [-0.0004286475273533188, 0.9999998939082989, -0.00016865553324868317], [-0.00019356732670022052, 0.0001685725734209441, 0.9999999670574877]]",132.01225290003293,"[0.13201225290003293, 0.005201297016226033, -0.008843311720781344]",x,0,delta x at isocenter.yaml,dx100,isocenter,Ant-Post,dx250,150.0,-17.987747099967066
22,0.024160728133780736,"[[0.9999997416336611, 0.0007086330486811259, 0.00012071376780087773], [-0.0007086228440399242, 0.9999997453518017, -8.45576528765938e-05], [-0.00012077365740879528, 8.447209049651766e-05, 0.999999989139095]]",169.8927518874811,"[0.1698927518874811, -0.00035896191604527466, 0.0027069399655325864]",x,0,delta x at isocenter.yaml,dx100,isocenter,Ant-Post,dx300,200.0,-30.107248112518903
23,0.03629128354786697,"[[0.9999990779706841, 0.0011077762818356017, 0.0007854231284616473], [-0.001107481477947682, 0.9999993161745511, -0.0003756796588331303], [-0.000785838760385172, 0.00037480947087778266, 0.99999962098758]]",220.22105240752663,"[0.22022105240752662, 0.0017155520939137368, 0.002258747141778728]",x,0,delta x at isocenter.yaml,dx100,isocenter,Ant-Post,dx350,250.0,-29.778947592473372
24,0.037283556644261216,"[[0.9999996015233512, 0.0008298789946996341, 0.00032901974743033784], [-0.0008298180524883697, 0.9999996385297705, -0.00018531683269437795], [-0.0003291734190462761, 0.0001850437323243768, 0.9999999287018363]]",278.43412419583507,"[0.2784341241958351, -8.618282650526921e-05, 0.009480411272954419]",x,0,delta x at isocenter.yaml,dx100,isocenter,Ant-Post,dx400,300.0,-21.565875804164932
25,0.0559450773592276,"[[0.9999989457252794, 0.0010807478652883995, 0.0009698104875995416], [-0.001080385179071267, 0.9999993462876627, -0.0003744223703688958], [-0.0009702145098000291, 0.00037337420674766943, 0.9999994596376077]]",341.6457908257574,"[0.3416457908257574, -0.0034557594350924834, -0.0005030876183127435]",x,0,delta x at isocenter.yaml,dx100,isocenter,Ant-Post,dx450,350.0,-8.354209174242612
26,0.07502859318196516,"[[0.999997193207791, 0.0023345473067188376, 0.0004043085615569109], [-0.0023342848602870224, 0.9999970653518729, -0.0006483840168877582], [-0.0004058210582138195, 0.0006474384256545261, 0.9999997080663341]]",423.581576563325,"[0.42358157656332496, -0.008375953356943236, -0.0010856907047533618]",x,0,delta x at isocenter.yaml,dx100,isocenter,Ant-Post,dx500,400.0,23.581576563324973
27,0.0068340949796971626,"[[0.9999999269866972, 0.000293410682072332, 0.00024481987790076734], [-0.0002934275837239783, 0.9999999545693476, 6.900402636805144e-05], [-0.0002447996202597013, -6.90758582347796e-05, 0.9999999676508351]]",23.59599128351521,"[0.02359599128351521, 0.010759698691445456, 0.011605033775077392]",x,0,delta x at isocenter.yaml,dx150,isocenter,Ant-Post,dx200,50.0,-26.40400871648479
28,0.014161478583376472,"[[0.9999998810251831, 0.0003605063573008458, 0.00032861038559670324], [-0.0003604534836632503, 0.9999999220848784, -0.00016094571541482673], [-0.0003286683819468145, 0.00016082724750822588, 0.9999999330558434]]",88.94207164115794,"[0.08894207164115794, 0.007397338080026425, -0.0036315937730039727]",x,0,delta x at isocenter.yaml,dx150,isocenter,Ant-Post,dx250,100.0,-11.057928358842062
29,0.01868827942500036,"[[0.9999997621630629, 0.0006405151893658602, 0.00025576182353812194], [-0.0006404955537553424, 0.9999997919299276, -7.684755789305858e-05], [-0.00025581099234942207, 7.668372530513244e-05, 0.9999999643401707]]",126.8229577418306,"[0.1268229577418306, 0.001830954245954379, 0.007923220377768252]",x,0,delta x at isocenter.yaml,dx150,isocenter,Ant-Post,dx300,150.0,-23.177042258169394
30,0.03611893721839569,"[[0.9999990359491474, 0.0010396758077531644, 0.0009204210942611633], [-0.0010393373952616374, 0.9999993921497004, -0.0003680733745393015], [-0.0009208032117652916, 0.0003671163916355954, 0.9999995086733793]]",177.15122203235316,"[0.17715122203235317, 0.003906847954216422, 0.007472397359772942]",x,0,delta x at isocenter.yaml,dx150,isocenter,Ant-Post,dx350,200.0,-22.84877796764684
31,0.03196605670558978,"[[0.9999996020078742, 0.0007619172723795548, 0.0004641833292296374], [-0.0007618349115302061, 0.9999996940359271, -0.00017758271170913222], [-0.00046431849054140835, 0.00017722900996800813, 0.999999876499101]]",235.3505468086767,"[0.2353505468086767, 0.002105031559900843, 0.014699402452543659]",x,0,delta x at isocenter.yaml,dx150,isocenter,Ant-Post,dx400,250.0,-14.649453191323289
32,0.05469324911113214,"[[0.9999988769572896, 0.0010126058253538965, 0.001104859086793894], [-0.0010122010549044411, 0.9999994204339645, -0.0003668525040961201], [-0.001105229923437714, 0.00036573375257141803, 0.9999993223525894]]",298.57848356590614,"[0.29857848356590616, -0.0012611502616956722, 0.004706945644778268]",x,0,delta x at isocenter.yaml,dx150,isocenter,Ant-Post,dx450,300.0,-1.42151643409386
33,0.07523994704617497,"[[0.9999972850120017, 0.0022670009841117265, 0.0005391429900424724], [-0.0022666550545217983, 0.999997225451695, -0.0006413764694764008], [-0.0005405954952511806, 0.0006401526769632354, 0.9999996489804687]]",380.5131336121249,"[0.38051313361212485, -0.006175166486506044, 0.004127987271124723]",x,0,delta x at isocenter.yaml,dx150,isocenter,Ant-Post,dx500,350.0,30.513133612124875
34,0.013940654354881708,"[[0.9999999942363328, 6.712090086219836e-05, 8.379807893416614e-05], [-6.71016347106265e-05, 0.9999999713232289, -0.0002298932632910658], [-8.381350717359569e-05, 0.000229887638977954, 0.999999970063484]]",65.34891661339971,"[0.06534891661339971, -0.00336079535693098, -0.015231358448287682]",x,0,delta x at isocenter.yaml,dx200,isocenter,Ant-Post,dx250,50.0,15.348916613399709
35,0.01816716720633162,"[[0.9999999395592054, 0.00034750393410854305, 1.1072480537747498e-05], [-0.0003475023162476275, 0.9999999289945914, -0.00014578392365190482], [-1.1123140238125229e-05, 0.00014578006712795294, 0.9999999893122237]]",103.19955917887975,"[0.10319955917887975, -0.008921452028052914, -0.003673232368553517]",x,0,delta x at isocenter.yaml,dx200,isocenter,Ant-Post,dx300,100.0,3.1995591788797526
36,0.035558375211520034,"[[0.9999994926872173, 0.0007469048767375946, 0.0006758390433361033], [-0.0007466096739810476, 0.9999996258280374, -0.00043694138966327733], [-0.0006761651441113578, 0.0004364365800294132, 0.9999996761618523]]",153.51710114643373,"[0.15351710114643374, -0.006843965162798128, -0.004122346571678898]",x,0,delta x at isocenter.yaml,dx200,isocenter,Ant-Post,dx350,150.0,3.517101146433731
37,0.032041457835750894,"[[0.9999998661005761, 0.00046869191727599017, 0.00021937802179389124], [-0.0004686378273856622, 0.9999998597966444, -0.0002465467055476041], [-0.00021949354548475846, 0.00024644386369556987, 0.9999999455440011]]",211.75607889165093,"[0.21175607889165093, -0.008651021681888178, 0.003094809063623772]",x,0,delta x at isocenter.yaml,dx200,isocenter,Ant-Post,dx400,200.0,11.75607889165093
38,0.0546694034400952,"[[0.9999993709842859, 0.0007197715167027768, 0.0008602092746675934], [-0.0007193968753916617, 0.9999996462934326, -0.0004357535382439578], [-0.0008605226133913826, 0.00043513443228380115, 0.9999995350793209]]",274.9675441668735,"[0.2749675441668735, -0.012013566899855941, -0.0068943070336656195]",x,0,delta x at isocenter.yaml,dx200,isocenter,Ant-Post,dx450,250.0,24.967544166873495
39,0.0767872629783609,"[[0.9999980081430269, 0.001974100906657005, 0.000294339239300073], [-0.0019738915256246, 0.9999977998512805, -0.0007099611564610826], [-0.00029574012667251195, 0.0007093787485896695, 0.9999997046597401]]",356.9123057535834,"[0.3569123057535834, -0.016926997608550202, -0.007473033182912608]",x,0,delta x at isocenter.yaml,dx200,isocenter,Ant-Post,dx500,300.0,56.91230575358338
40,0.008591536127747058,"[[0.9999999581082682, 0.0002801355377968314, -7.285287973851637e-05], [-0.0002801294115615284, 0.9999999572284335, 8.408712329196065e-05], [7.287643241384168e-05, -8.406671153573985e-05, 0.9999999938109068]]",37.880708090085086,"[0.037880708090085084, -0.005574189980189358, 0.01155575270776816]",x,0,delta x at isocenter.yaml,dx250,isocenter,Ant-Post,dx300,50.0,-12.119291909914914
41,0.024098153960813423,"[[0.9999995942955883, 0.0006791009784071289, 0.0005918027709564164], [-0.0006789785582969876, 0.9999997480620728, -0.00020703600837931245], [-0.0005919432202143781, 0.00020663410299151427, 0.9999998034527667]]",88.22458032974114,"[0.08822458032974115, -0.0035026844837783484, 0.011105198365206497]",x,0,delta x at isocenter.yaml,dx250,isocenter,Ant-Post,dx350,100.0,-11.775419670258856
42,0.025070272783565908,"[[0.9999999100963425, 0.00040179005125393096, 0.0001355435742218473], [-0.00040178779414722196, 0.999999919144185, -1.6679079526252687e-05], [-0.00013555026475030145, 1.6624618273209538e-05, 0.999999990674874]]",146.39784074176578,"[0.1463978407417658, -0.005296692989386794, 0.018326275525420703]",x,0,delta x at isocenter.yaml,dx250,isocenter,Ant-Post,dx400,150.0,-3.6021592582342237
43,0.044795944059487856,"[[0.9999994858499145, 0.0006524542565673728, 0.0007762753063249935], [-0.0006522946180409913, 0.9999997660620978, -0.00020588220264525957], [-0.0007764094534441613, 0.0002053757365862137, 0.9999996775045319]]",209.63242982773366,"[0.20963242982773367, -0.008657177536663186, 0.00833240151477201]",x,0,delta x at isocenter.yaml,dx250,isocenter,Ant-Post,dx450,200.0,9.63242982773366
44,0.0649228373099744,"[[0.9999981596896439, 0.0019068544507318244, 0.0002110057568800874], [-0.0019067530354663423, 0.9999980670454134, -0.0004797898479726823], [-0.0002119202384223477, 0.00047938662914272104, 0.9999998626391268]]",291.5739063312692,"[0.2915739063312692, -0.013561444061746138, 0.007760702916491313]",x,0,delta x at isocenter.yaml,dx250,isocenter,Ant-Post,dx500,250.0,41.5739063312692
45,0.01985386123573312,"[[0.9999996993666154, 0.0003991301883406628, 0.0006648020548195037], [-0.0003989367146042687, 0.9999998780458895, -0.00029113176314322095], [-0.0006649181732191902, 0.00029086646167194696, 0.9999997366402277]]",50.32305163541752,"[0.05032305163541752, 0.0020760381267460755, -0.0004504759712814024]",x,0,delta x at isocenter.yaml,dx300,isocenter,Ant-Post,dx350,50.0,0.3230516354175208
46,0.019124596231821868,"[[0.9999999709739378, 0.00012115852064648547, 0.0002082612200221053], [-0.00012113753429409393, 0.9999999875846419, -0.00010077903247694564], [-0.00020827342767513739, 0.00010075380130059211, 0.9999999732354256]]",108.55532167519806,"[0.10855532167519806, 0.0002712420658324628, 0.006763732238216644]",x,0,delta x at isocenter.yaml,dx300,isocenter,Ant-Post,dx400,100.0,8.555321675198059
47,0.0397636327614116,"[[0.9999995701479347, 0.00037210900941145656, 0.0008492578105750533], [-0.0003718629080733858, 0.9999998888311574, -0.0002899235242981325], [-0.0008493655993195976, 0.0002896075921942721, 0.9999995973526792]]",171.7520718418756,"[0.1717520718418756, -0.003079297314631692, -0.0032268648424097364]",x,0,delta x at isocenter.yaml,dx300,isocenter,Ant-Post,dx450,150.0,21.75207184187559
48,0.06040862125224341,"[[0.9999986365306843, 0.0016267604727542577, 0.0002838787356874564], [-0.0016266001341481344, 0.999998517961602, -0.0005641334980963858], [-0.00028479602504427257, 0.0005636709717279001, 0.99999980058311]]",253.69124995700886,"[0.25369124995700887, -0.007977201846262216, -0.0037966165900879165]",x,0,delta x at isocenter.yaml,dx300,isocenter,Ant-Post,dx500,200.0,53.691249957008864
49,0.015496957987732232,"[[0.9999998571510353, -0.0002776322749033165, -0.000456747444998761], [0.0002777191519785189, 0.9999999433564404, 0.00019015569871686771], [0.00045669462576786743, -0.00019028251906661654, 0.9999998776112832]]",58.23321322540006,"[0.05823321322540006, -0.0018051817741461442, 0.007212779268056938]",x,0,delta x at isocenter.yaml,dx350,isocenter,Ant-Post,dx400,50.0,8.233213225400057
50,0.02478057996093195,"[[0.9999999826255205, -2.6836090301910133e-05, 0.0001844689230396857], [2.6835857580322402e-05, 0.9999999996391199, 1.2640520661784767e-06], [-0.00018446895689536305, -1.2591016621921272e-06, 0.9999999829848094]]",121.41682674250883,"[0.12141682674250884, -0.005147701490723681, -0.0027794446309193127]",x,0,delta x at isocenter.yaml,dx350,isocenter,Ant-Post,dx450,100.0,21.41682674250883
51,0.04873148477523088,"[[0.9999991731932003, 0.0012284355255290592, -0.0003802092517860487], [-0.0012285389308634553, 0.9999992083930048, -0.0002718555838031065], [0.0003798749937527097, 0.0002723224608988307, 0.9999998907677273]]",203.35480219051814,"[0.20335480219051813, -0.010038758359881078, -0.0033447960665528484]",x,0,delta x at isocenter.yaml,dx350,isocenter,Ant-Post,dx500,150.0,53.35480219051814
52,0.024489831923383637,"[[0.9999997632061899, 0.0002503873966556811, 0.0006410099190026355], [-0.00025026629230891695, 0.9999999508227667, -0.00018900065572656925], [-0.0006410572108616385, 0.00018884018779620577, 0.999999776692493]]",65.71818577124277,"[0.06571818577124278, -0.003727023127401252, -0.00908874590478348]",x,0,delta x at isocenter.yaml,dx400,isocenter,Ant-Post,dx450,50.0,15.718185771242773
53,0.04961385868973051,"[[0.9999988632557514, 0.001505900907341383, 7.582653019534552e-05], [-0.0015058656396074043, 0.9999987589808556, -0.00046303933334335335], [-7.65237274450201e-05, 0.0004629246224196847, 0.9999998899224507]]",146.52731317255996,"[0.14652731317255996, -0.008085744139441298, -0.010133223449594997]",x,0,delta x at isocenter.yaml,dx400,isocenter,Ant-Post,dx500,100.0,46.52731317255996
54,0.04376674803374118,"[[0.9999990515684302, 0.0012562141880530274, -0.0005646132775942918], [-0.0012563684819818803, 0.9999991735037063, -0.0002730020913512544], [0.0005642698618431465, 0.00027371119475382244, 0.9999998033408332]]",81.94018310635444,"[0.08194018310635444, -0.004875222201683016, -0.0005553059072147827]",x,0,delta x at isocenter.yaml,dx450,isocenter,Ant-Post,dx500,50.0,31.94018310635444
55,0.035427271968917366,"[[0.9999998317471922, -0.0002923222398523992, -0.0005010521876791478], [0.0002928517292827604, 0.9999993984861697, 0.001057007646239753], [0.0005007428994463995, -0.0010571542023954687, 0.9999993158405364]]",61.71381961598752,"[-0.02155534082294608, 0.06171381961598752, 0.028757306258502306]",y,1,delta y at isocenter.yaml,dy0,isocenter,Lat-Med,dy50,50.0,11.713819615987518
56,0.01995416611321804,"[[0.9999998579632248, 0.00010442752630659196, 0.0005226551658339195], [-0.00010476511153589668, 0.9999997859066778, 0.0006459186246463315], [-0.0005225876022528594, -0.0006459732889290295, 0.9999996548102943]]",120.08960849147601,"[-0.039678869585809386, 0.12008960849147601, 0.011052598398641011]",y,1,delta y at isocenter.yaml,dy0,isocenter,Lat-Med,dy100,100.0,20.089608491476014
57,0.03378418733777809,"[[0.9999997318616302, -0.0006550108174575179, -0.0003274713674564843], [0.0006552782724352645, 0.9999994513246014, 0.0008172887383478361], [0.0003269358548167272, -0.0008175031040734574, 0.9999996124007358]]",164.65483118558154,"[-0.008754977494788816, 0.16465483118558155, 0.011545571525821124]",y,1,delta y at isocenter.yaml,dy0,isocenter,Lat-Med,dy150,150.0,14.654831185581543
58,0.019860100337057585,"[[0.9999999980951908, -4.212152085699515e-05, 4.5115371829577556e-05], [4.207633197346236e-05, 0.999999497951523, 0.001001162466150486], [-4.515751966560901e-05, -0.0010011605659540135, 0.9999994978190342]]",220.89012410635635,"[-0.04326392060148063, 0.22089012410635636, 0.03179892459129364]",y,1,delta y at isocenter.yaml,dy0,isocenter,Lat-Med,dy200,200.0,20.890124106356353
59,0.034818398251004114,"[[0.9999998917964246, -0.00042326256881317434, -0.0001930179716897139], [0.00042344352968246474, 0.9999994699953426, 0.0009384586360720167], [0.00019262065497659223, -0.0009385402667386456, 0.9999995410196203]]",272.31044055463474,"[-0.03326012618255701, 0.2723104405546347, 0.024948659327047762]",y,1,delta y at isocenter.yaml,dy0,isocenter,Lat-Med,dy250,250.0,22.310440554634738
60,0.03164908613290445,"[[0.9999999037082669, -0.00036489137639069547, -0.00024379856512304912], [0.00036511885284192495, 0.9999994974846801, 0.0009336587228242252], [0.00024345775859435453, -0.0009337476483726678, 0.999999534421716]]",316.6546588940205,"[-0.025437976530319872, 0.3166546588940205, 0.01580713934697948]",y,1,delta y at isocenter.yaml,dy0,isocenter,Lat-Med,dy300,300.0,16.654658894020486
61,0.03510779308561181,"[[0.9999997903058716, -0.0006025560904076028, -0.00023730649162194797], [0.0006027613243540957, 0.9999994435969695, 0.0008657277501378173], [0.00023678471005575242, -0.0008658706077753497, 0.9999995971004645]]",368.20460771863037,"[-0.021202192441333836, 0.3682046077186304, 0.008650541733347583]",y,1,delta y at isocenter.yaml,dy0,isocenter,Lat-Med,dy350,350.0,18.20460771863037
62,0.03373026485788647,"[[0.9999997927152343, -5.376494532589078e-05, 0.0006416220211636489], [5.3439528662217716e-05, 0.9999998699540374, 0.0005071845074034482], [-0.0006416492064705207, -0.0005071501142932878, 0.9999996655424724]]",412.4855672577214,"[-0.02753972628570115, 0.4124855672577214, 0.009304251234612237]",y,1,delta y at isocenter.yaml,dy0,isocenter,Lat-Med,dy400,400.0,12.485567257721414
63,0.030136925888096435,"[[0.9999997873501144, -0.0006174699641695455, -0.00020983462345146732], [0.0006176538658969848, 0.999999424265288, 0.0008774809368426877], [0.00020929268451943617, -0.0008776103554130716, 0.9999995929982357]]",463.02422285403316,"[-0.012937094144779187, 0.46302422285403316, 0.024385104235962886]",y,1,delta y at isocenter.yaml,dy0,isocenter,Lat-Med,dy450,450.0,13.024222854033155
64,0.026279570679358325,"[[0.9999998609940348, -0.0004275828520585844, -0.0003085203635988679], [0.00042781068885559945, 0.9999996355802813, 0.000738794503768038], [0.0003082043553069111, -0.0007389263893806494, 0.9999996794988812]]",520.2170554327452,"[-0.027204941471435262, 0.5202170554327452, 0.019358938216803213]",y,1,delta y at isocenter.yaml,dy0,isocenter,Lat-Med,dy500,500.0,20.217055432745155
65,0.027462797205234764,"[[0.9999993979519912, 0.0003971946315065686, 0.001022903749432482], [-0.00039677433270905873, 0.9999998368006783, -0.0004110580812326074], [-0.0010230668525578943, 0.0004106519718036088, 0.9999993923494025]]",58.355238345823416,"[-0.018080345169239405, 0.058355238345823415, -0.017679512245420272]",y,1,delta y at isocenter.yaml,dy50,isocenter,Lat-Med,dy100,50.0,8.355238345823416
66,0.0121457464041079,"[[0.9999999193471426, -0.0003620627200750156, 0.00017382834814473735], [0.0003621043742433422, 0.9999999057225812, -0.00023965652516435985], [-0.00017374156106356105, 0.00023971944984070787, 0.9999999561742267]]",102.92796847146032,"[0.012791182904904936, 0.10292796847146032, -0.0171915704298706]",y,1,delta y at isocenter.yaml,dy50,isocenter,Lat-Med,dy150,100.0,2.927968471460318
67,0.022537571148002377,"[[0.9999998193013685, 0.00025132465340980286, 0.0005461072687997955], [-0.0002512942515213514, 0.9999999668722318, -5.573808084068281e-05], [-0.0005461212590623613, 5.5600837151770455e-05, 0.9999998493300473]]",159.18792306946827,"[-0.02176627419984203, 0.15918792306946827, 0.0030601600891913003]",y,1,delta y at isocenter.yaml,dy50,isocenter,Lat-Med,dy200,150.0,9.187923069468269
68,0.01797646160655262,"[[0.9999999438624729, -0.000129711732460596, 0.00030894970107546964], [0.0001297482687373779, 0.9999999845920464, -0.00011824252162683298], [-0.0003089343588729229, 0.00011828260067733024, 0.9999999452843925]]",210.612765873156,"[-0.011781351897060992, 0.210612765873156, -0.0037901504357579687]",y,1,delta y at isocenter.yaml,dy50,isocenter,Lat-Med,dy250,200.0,10.612765873156008
69,0.014807228005329359,"[[0.9999999642441818, -7.17227236530339e-05, 0.0002576188784741655], [7.175443551671483e-05, 0.9999999898502104, -0.00012308890586221598], [-0.0002576100475886062, 0.0001231073867574261, 0.9999999592408166]]",254.9357260784565,"[-0.003910556709650995, 0.2549357260784565, -0.01292417290097652]",y,1,delta y at isocenter.yaml,dy50,isocenter,Lat-Med,dy300,250.0,4.935726078456497
70,0.015986232968368295,"[[0.9999999169922676, -0.00031034866088310806, 0.0002640059966858853], [0.000310399097198802, 0.9999999335813442, -0.0001910227943855394], [-0.0002639466954823571, 0.00019110472575248623, 0.9999999469055612]]",306.4742832121376,"[0.00039798604689573385, 0.3064742832121376, -0.02009545282258987]",y,1,delta y at isocenter.yaml,dy50,isocenter,Lat-Med,dy350,300.0,6.474283212137607
71,0.03995671300625503,"[[0.9999993196588559, 0.00023824829234339666, 0.0011418929793034149], [-0.00023762082421735468, 0.9999998207367772, -0.000549602363246472], [-0.0011420237164285073, 0.0005493306517791206, 0.9999991970085107]]",350.7501738706813,"[-0.005927418283015621, 0.3507501738706813, -0.01945612708547222]",y,1,delta y at isocenter.yaml,dy50,isocenter,Lat-Med,dy400,350.0,0.7501738706812944
72,0.018719876901541612,"[[0.9999999047525878, -0.0003246605686321224, 0.0002917024697033733], [0.0003247127715910569, 0.99999993127282, -0.0001789300722436724], [-0.0002916443581159161, 0.00017902477471895952, 0.9999999414468472]]",401.30305874187604,"[0.008589238424090493, 0.40130305874187605, -0.004349240859726576]",y,1,delta y at isocenter.yaml,dy50,isocenter,Lat-Med,dy450,400.0,1.3030587418760433
73,0.01794515540046113,"[[0.9999999723164459, -0.00013449006237565693, 0.00019307907649938135], [0.00013455139750600704, 0.9999999404842963, -0.00031769061220627274], [-0.000193036338777821, 0.0003177165824714452, 0.9999999308965698]]",458.5051979478497,"[-0.005709396904029416, 0.4585051979478497, -0.0093713465655806]",y,1,delta y at isocenter.yaml,dy50,isocenter,Lat-Med,dy500,450.0,8.505197947849695
74,0.026818988941597684,"[[0.9999993508916669, -0.0007593180586096408, -0.0008495012247788887], [0.0007594635619359996, 0.9999996969918903, 0.0001709714209535088], [0.000849371145685493, -0.00017161647520010212, 0.9999996245581511]]",44.564950585061474,"[0.030872404579557866, 0.04456495058506148, 0.0004842156626706026]",y,1,delta y at isocenter.yaml,dy100,isocenter,Lat-Med,dy150,50.0,-5.435049414938526
75,0.012766869543187506,"[[0.9999998756897104, -0.0001455896213454356, -0.0004768901622160928], [0.0001457589187540403, 0.9999999263691316, 0.0003549874213634423], [0.00047683844461802696, -0.00035505688822908064, 0.9999998232798366]]",100.82976579220266,"[-0.00366195788451254, 0.10082976579220267, 0.020716402691527545]",y,1,delta y at isocenter.yaml,dy100,isocenter,Lat-Med,dy200,100.0,0.8297657922026644
76,0.026811161564472146,"[[0.9999996058612545, -0.0005267981310889482, -0.0007146754959693928], [0.0005270070598253569, 0.999999818446051, 0.00029218388751468794], [0.0007145214442914126, -0.000292560411385411, 0.9999997019337112]]",152.25271857189125,"[0.0063204324914595674, 0.15225271857189124, 0.013868069946685827]",y,1,delta y at isocenter.yaml,dy100,isocenter,Lat-Med,dy250,150.0,2.2527185718912506
77,0.022723439931512646,"[[0.9999995967293701, -0.00046903411356583903, -0.0007658642806689395], [0.0004692544609000124, 0.9999998485557888, 0.000287556341510574], [0.000765729290949137, -0.0002879156107777771, 0.9999996653815706]]",196.57301986501048,"[0.014190501945504613, 0.19657301986501047, 0.004745996035162693]",y,1,delta y at isocenter.yaml,dy100,isocenter,Lat-Med,dy300,200.0,-3.4269801349895204
78,0.026923295679816824,"[[0.9999994614690428, -0.0007073146485274572, -0.0007594521785212095], [0.0007074815217106489, 0.9999997256486921, 0.00021948220078308033], [0.000759296727188635, -0.00022001938096827668, 0.9999996875299266]]",248.11631705759598,"[0.01847028149873607, 0.248116317057596, -0.002415122770177703]",y,1,delta y at isocenter.yaml,dy100,isocenter,Lat-Med,dy350,250.0,-1.8836829424040218
79,0.022249983077416064,"[[0.999999980372615, -0.000158674999433303, 0.00011864659655225015], [0.0001586914415893712, 0.9999999778057006, -0.000138584360566376], [-0.00011862460404536782, 0.00013860318604578463, 0.9999999833586798]]",292.38628420299864,"[0.012140814673361632, 0.2923862842029986, -0.0017819015459313676]",y,1,delta y at isocenter.yaml,dy100,isocenter,Lat-Med,dy400,300.0,-7.613715797001362
80,0.020445986302112508,"[[0.9999994717972209, -0.0007216791701605102, -0.0007318363580187352], [0.0007218486977850448, 0.9999997126920721, 0.00023140922729849022], [0.0007316691445369873, -0.00023193738018978022, 0.999999705432614]]",342.9383131214914,"[0.02668623661466083, 0.34293831312149137, 0.01331334216934822]",y,1,delta y at isocenter.yaml,dy100,isocenter,Lat-Med,dy450,350.0,-7.061686878508624
81,0.019530262599977033,"[[0.9999995139560883, -0.0005315193419366379, -0.0008304063920014234], [0.0005315965050858924, 0.9999998544055329, 9.270419509317134e-05], [0.0008303569970260453, -9.31455911706278e-05, 0.9999996509155171]]",400.1435224472861,"[0.012396686093620494, 0.4001435224472861, 0.008288509516633881]",y,1,delta y at isocenter.yaml,dy100,isocenter,Lat-Med,dy500,400.0,0.1435224472861023
82,0.02159332758102663,"[[0.9999997425334092, 0.0006133810580524094, 0.00037242018354218394], [-0.0006134495614266454, 0.9999997949385163, 0.00018385473029236502], [-0.0003723073341637448, -0.00018408314395392626, 0.9999999137503185]]",56.25059194969038,"[-0.03450378027340813, 0.056250591949690384, 0.020225601505613002]",y,1,delta y at isocenter.yaml,dy150,isocenter,Lat-Med,dy200,50.0,6.2505919496903815
83,0.015822489311644906,"[[0.9999999638843126, 0.00023233940587358596, 0.00013509172265379759], [-0.0002323557860999151, 0.9999999656546636, 0.00012124957820995552], [-0.00013506354695904472, -0.00012128096317405164, 0.9999999835243828]]",107.67470222443417,"[-0.024521382829711565, 0.10767470222443418, 0.013374536913624573]",y,1,delta y at isocenter.yaml,dy150,isocenter,Lat-Med,dy250,100.0,7.674702224434171
84,0.011976641534814108,"[[0.9999999543696966, 0.000290223804975296, 8.384955452394766e-05], [-0.0002902335730173876, 0.9999999510953894, 0.00011650618854179452], [-8.381573755429396e-05, -0.0001165305191809522, 0.9999999896977804]]",152.0040523872532,"[-0.016676957427811043, 0.1520040523872532, 0.0042594624813980485]",y,1,delta y at isocenter.yaml,dy150,isocenter,Lat-Med,dy300,150.0,2.0040523872532106
85,0.013824796704160083,"[[0.9999999945758614, 5.197239507563639e-05, 9.026154650970325e-05], [-5.197677780281075e-05, 0.9999999974704524, 4.85541939142752e-05], [-9.025902280353813e-05, -4.855888515542203e-05, 0.9999999947476719]]",203.5470239776994,"[-0.012397030869560613, 0.20354702397769942, -0.002901457896710115]",y,1,delta y at isocenter.yaml,dy150,isocenter,Lat-Med,dy350,200.0,3.5470239776994106
86,0.0438365005227136,"[[0.9999993505091893, 0.0006008650406284383, 0.0009684742652156721], [-0.0006005650329789642, 0.9999997716000864, -0.00031003454043507396], [-0.000968660332932966, 0.0003094527072913705, 0.9999994829679566]]",247.82379733396252,"[-0.01873914248839219, 0.2478237973339625, -0.0022685030562773333]",y,1,delta y at isocenter.yaml,dy150,isocenter,Lat-Med,dy400,250.0,-2.176202666037483
87,0.017973023692984286,"[[0.9999999923483834, 3.7346179264603004e-05, 0.00011793428502156019], [-3.735332733481216e-05, 0.999999997465639, 6.060899842313275e-05], [-0.00011793202120825589, -6.061340319739897e-05, 0.9999999912090268]]",298.3711868285255,"[-0.00418302403531813, 0.2983711868285255, 0.01282467305930522]",y,1,delta y at isocenter.yaml,dy150,isocenter,Lat-Med,dy450,300.0,-1.628813171474519
88,0.019590611381560912,"[[0.9999999739385477, 0.00022749085642264646, 1.9256549900317007e-05], [-0.00022748935133686492, 0.9999999710724748, -7.812582349183196e-05], [-1.9274322253896096e-05, 7.812144079591591e-05, 0.999999996762771]]",355.5709768103179,"[-0.018459958577022716, 0.3555709768103179, 0.007802598693063244]",y,1,delta y at isocenter.yaml,dy150,isocenter,Lat-Med,dy500,350.0,5.570976810317916
89,0.023801390822204525,"[[0.9999998991710379, -0.0003811732096810683, -0.0002374129288881759], [0.00038115834149783135, 0.9999999253955218, -6.266793489670957e-05], [0.00023743679851391072, 6.257743665947684e-05, 0.9999999698539154]]",51.424269912134584,"[0.009974146794829457, 0.051424269912134585, -0.0068487770439113705]",y,1,delta y at isocenter.yaml,dy200,isocenter,Lat-Med,dy250,50.0,1.4242699121345836
90,0.01993355715607686,"[[0.999999906118305, -0.00032320577531359194, -0.0002886198315007469], [0.0003231863555008617, 0.9999999455086779, -6.732919834231731e-05], [0.00028864157695940296, 6.723591402955523e-05, 0.9999999560826847]]",95.74487599705606,"[0.017814509250295065, 0.09574487599705606, -0.015953495156324493]",y,1,delta y at isocenter.yaml,dy200,isocenter,Lat-Med,dy300,100.0,-4.255124002943944
91,0.023337934703567095,"[[0.9999998024084427, -0.0005617278719956432, -0.0002822142344277796], [0.0005616896870359677, 0.9999998330903688, -0.0001353659119145635], [0.00028229022612951803, 0.00013520736834284525, 0.9999999510155966]]",147.28366754339817,"[0.022118127608237618, 0.14728366754339817, -0.023115690605513755]",y,1,delta y at isocenter.yaml,dy200,isocenter,Lat-Med,dy350,150.0,-2.716332456601833
92,0.03083362101542044,"[[0.9999998226642728, -1.2937975899228902e-05, 0.0005954024113687834], [1.3231960079489172e-05, 0.9999998780150403, -0.0004937558301565016], [-0.000595395950537835, 0.0004937636209372903, 0.9999997008505299]]",191.55465658336777,"[0.01577398736597857, 0.19155465658336776, -0.022493725474181558]",y,1,delta y at isocenter.yaml,dy200,isocenter,Lat-Med,dy400,200.0,-8.445343416632227
93,0.018358427259481187,"[[0.9999998017604379, -0.0005759151760742689, -0.0002545600016290023], [0.0005758837919079123, 0.999999826572043, -0.00012334400194289726], [0.000254630993163921, 0.00012319738051194933, 0.9999999599927307]]",242.11049343337675,"[0.030303355726946535, 0.24211049343337673, -0.007393772951695204]",y,1,delta y at isocenter.yaml,dy200,isocenter,Lat-Med,dy450,250.0,-7.889506566623254
94,0.01694008227761465,"[[0.9999998632289369, -0.000385734041487156, -0.00035320158081344403], [0.00038564148986257926, 0.9999998913007867, -0.00026206689119616], [0.0003533026305415278, 0.0002619306461687911, 0.9999999032847892]]",299.315429446065,"[0.01602279188338481, 0.29931542944606504, -0.012416225687979525]",y,1,delta y at isocenter.yaml,dy200,isocenter,Lat-Med,dy500,300.0,-0.6845705539349751
95,0.01132037443791355,"[[0.9999999970014403, 5.807151996356887e-05, -5.1232988590255325e-05], [-5.807176236278242e-05, 0.9999999983026496, -4.729839902428363e-06], [5.123271383433676e-05, 4.732815078098528e-06, 0.9999999986764048]]",44.32476151309674,"[0.007828459325582213, 0.044324761513096736, -0.009097557334905153]",y,1,delta y at isocenter.yaml,dy250,isocenter,Lat-Med,dy300,50.0,-5.675238486903261
96,0.010131797825591543,"[[0.9999999827080022, -0.00018046755085079534, -4.4893866271749665e-05], [0.0001804642838687241, 0.9999999810689739, -7.276465098861123e-05], [4.4906997079900226e-05, 7.275654799085538e-05, 0.9999999963449236]]",95.86336916998306,"[0.012132616716153321, 0.09586336916998306, -0.016258239255356393]",y,1,delta y at isocenter.yaml,dy250,isocenter,Lat-Med,dy350,100.0,-4.136630830016941
97,0.03665077522465673,"[[0.999999584694254, 0.000368617017689036, 0.0008335063369356163], [-0.0003682576354796011, 0.9999998391912736, -0.0004312815103033945], [-0.0008336651806042544, 0.0004309743861168935, 0.9999995596316255]]",140.1363160684629,"[0.005779071400018013, 0.14013631606846289, -0.015640098550889544]",y,1,delta y at isocenter.yaml,dy250,isocenter,Lat-Med,dy400,150.0,-9.86368393153711
